head: 0.002
      0.400
      0.800
      1.218
      1.600

Distance: 0.030
          0.300
          0.600
          0.900
          1.313  +0.113
          1.500
          1.802

Risk: 0.173  +0.023
      0.323  +0.023
      0.474  +0.024
      0.624  +0.024
      0.774  +0.024
      0.925  +0.025
      1.075  +0.025
      1.245  +0.045
      1.395  +0.045

Steering: 0.067
          0.432  +0.082
          0.703
          1.129  +0.079
          1.462  +0.62
          1.784  +0.34
          2.201  +0.101
          2.553  +0.103

Display: 0.102
         1.025
         2.222
         3.037
